2.900000000000000000e+01 9.000000000000000000e+01
3.100000000000000000e+01 1.130000000000000000e+02
3.500000000000000000e+01 1.360000000000000000e+02
4.600000000000000000e+01 1.610000000000000000e+02
5.800000000000000000e+01 1.840000000000000000e+02
7.500000000000000000e+01 2.090000000000000000e+02
9.000000000000000000e+01 2.320000000000000000e+02
1.070000000000000000e+02 2.530000000000000000e+02
1.320000000000000000e+02 2.560000000000000000e+02
1.590000000000000000e+02 2.450000000000000000e+02
1.880000000000000000e+02 2.240000000000000000e+02
2.140000000000000000e+02 2.010000000000000000e+02
2.370000000000000000e+02 1.740000000000000000e+02
2.490000000000000000e+02 1.440000000000000000e+02
2.510000000000000000e+02 1.110000000000000000e+02
2.470000000000000000e+02 7.500000000000000000e+01
2.410000000000000000e+02 4.400000000000000000e+01
2.300000000000000000e+01 7.100000000000000000e+01
2.000000000000000000e+01 5.600000000000000000e+01
3.100000000000000000e+01 4.400000000000000000e+01
4.400000000000000000e+01 3.900000000000000000e+01
5.800000000000000000e+01 3.900000000000000000e+01
9.200000000000000000e+01 3.100000000000000000e+01
1.110000000000000000e+02 2.000000000000000000e+01
1.320000000000000000e+02 1.800000000000000000e+01
1.530000000000000000e+02 2.000000000000000000e+01
1.740000000000000000e+02 2.900000000000000000e+01
8.100000000000000000e+01 6.900000000000000000e+01
8.100000000000000000e+01 8.800000000000000000e+01
7.900000000000000000e+01 1.070000000000000000e+02
7.900000000000000000e+01 1.250000000000000000e+02
7.100000000000000000e+01 1.380000000000000000e+02
7.900000000000000000e+01 1.420000000000000000e+02
9.200000000000000000e+01 1.440000000000000000e+02
1.040000000000000000e+02 1.360000000000000000e+02
1.170000000000000000e+02 1.300000000000000000e+02
4.100000000000000000e+01 8.800000000000000000e+01
4.800000000000000000e+01 8.100000000000000000e+01
5.600000000000000000e+01 7.700000000000000000e+01
7.100000000000000000e+01 7.900000000000000000e+01
6.000000000000000000e+01 8.300000000000000000e+01
5.000000000000000000e+01 8.600000000000000000e+01
1.170000000000000000e+02 6.700000000000000000e+01
1.250000000000000000e+02 5.800000000000000000e+01
1.380000000000000000e+02 5.600000000000000000e+01
1.530000000000000000e+02 5.400000000000000000e+01
1.400000000000000000e+02 6.000000000000000000e+01
1.300000000000000000e+02 6.500000000000000000e+01
7.500000000000000000e+01 1.780000000000000000e+02
7.500000000000000000e+01 1.610000000000000000e+02
8.600000000000000000e+01 1.550000000000000000e+02
9.800000000000000000e+01 1.550000000000000000e+02
1.130000000000000000e+02 1.480000000000000000e+02
1.400000000000000000e+02 1.480000000000000000e+02
1.650000000000000000e+02 1.570000000000000000e+02
1.510000000000000000e+02 1.840000000000000000e+02
1.280000000000000000e+02 1.990000000000000000e+02
1.110000000000000000e+02 2.030000000000000000e+02
9.800000000000000000e+01 2.050000000000000000e+02
8.300000000000000000e+01 1.970000000000000000e+02
7.900000000000000000e+01 1.760000000000000000e+02
9.000000000000000000e+01 1.630000000000000000e+02
1.020000000000000000e+02 1.610000000000000000e+02
1.170000000000000000e+02 1.570000000000000000e+02
1.610000000000000000e+02 1.570000000000000000e+02
1.230000000000000000e+02 1.880000000000000000e+02
1.070000000000000000e+02 1.930000000000000000e+02
9.400000000000000000e+01 1.930000000000000000e+02
